1 0 0
101 0 0
201 0 0.001
301 0 0
401 0.001 0.001
501 0.001 0.001
601 0.001 0.002
701 0.003 0.002
801 0.003 0.004
901 0.004 0.005
1001 0.004 0.004
1101 0.005 0.005
1201 0.006 0.006
1301 0.007 0.007
1401 0.009 0.009
1501 0.011 0.01
1601 0.011 0.011
1701 0.013 0.012
1801 0.014 0.015
1901 0.016 0.016
2001 0.019 0.018
2101 0.019 0.02
2201 0.021 0.021
2301 0.023 0.022
2401 0.026 0.025
2501 0.028 0.027
2601 0.037 0.031
2701 0.036 0.032
2801 0.04 0.034
2901 0.038 0.042
3001 0.04 0.039
3101 0.042 0.043
3201 0.045 0.047
3301 0.048 0.048
3401 0.051 0.055
3501 0.054 0.055
3601 0.058 0.058
3701 0.061 0.061
3801 0.065 0.065
3901 0.068 0.068
4001 0.071 0.071
4101 0.075 0.074
4201 0.087 0.08
4301 0.084 0.084
4401 0.096 0.088
4501 0.1 0.092
4601 0.098 0.097
4701 0.1 0.099
4801 0.105 0.104
4901 0.11 0.107
5001 0.113 0.119
5101 0.12 0.12
5201 0.123 0.123
5301 0.131 0.129
5401 0.135 0.135
5501 0.138 0.139
5601 0.142 0.142
5701 0.151 0.148
5801 0.161 0.159
5901 0.159 0.16
6001 0.167 0.167
6101 0.173 0.174
6201 0.177 0.18
6301 0.189 0.186
6401 0.191 0.193
6501 0.199 0.198
6601 0.2 0.201
6701 0.203 0.204
6801 0.215 0.212
6901 0.22 0.219
7001 0.226 0.226
7101 0.232 0.234
7201 0.244 0.239
7301 0.251 0.246
7401 0.257 0.255
7501 0.264 0.262
7601 0.266 0.269
7701 0.277 0.279
7801 0.288 0.288
7901 0.294 0.295
8001 0.344 0.345
8101 0.311 0.313
8201 0.314 0.31
8301 0.316 0.317
8401 0.326 0.326
8501 0.33 0.34
8601 0.345 0.344
8701 0.362 0.354
8801 0.363 0.36
8901 0.366 0.367
9001 0.375 0.377
9101 0.388 0.386
9201 0.422 0.397
9301 0.407 0.406
9401 0.421 0.42
9501 0.43 0.427
9601 0.433 0.434
9701 0.45 0.448
9801 0.456 0.456
9901 0.463 0.465
10001 0.472 0.472
