1 0 0
101 0 0
201 0 0
301 0.001 0
401 0.001 0.001
501 0.002 0.001
601 0.002 0.002
701 0.003 0.003
801 0.005 0.004
901 0.006 0.006
1001 0.007 0.007
1101 0.009 0.009
1201 0.011 0.011
1301 0.013 0.011
1401 0.014 0.014
1501 0.017 0.016
1601 0.019 0.019
1701 0.022 0.023
1801 0.025 0.024
1901 0.028 0.027
2001 0.031 0.031
2101 0.034 0.033
2201 0.038 0.037
2301 0.04 0.041
2401 0.045 0.044
2501 0.048 0.048
2601 0.055 0.053
2701 0.058 0.058
2801 0.061 0.061
2901 0.066 0.067
3001 0.073 0.072
3101 0.08 0.077
3201 0.083 0.084
3301 0.09 0.09
3401 0.094 0.093
3501 0.102 0.1
3601 0.105 0.104
3701 0.114 0.113
3801 0.118 0.12
3901 0.278 0.271
4001 0.13 0.129
4101 0.141 0.138
4201 0.16 0.157
4301 0.153 0.152
4401 0.157 0.155
4501 0.163 0.163
4601 0.173 0.173
4701 0.184 0.183
4801 0.188 0.188
4901 0.196 0.196
5001 0.2 0.199
5101 0.204 0.203
5201 0.209 0.209
5301 0.215 0.217
5401 0.220 0.221
5501 0.224 0.225
5601 0.229 0.228
5701 0.232 0.233
5801 0.236 0.238
5901 0.24 0.242
6001 0.25 0.249
6101 0.255 0.256
6201 0.265 0.263
6301 0.271 0.273
6401 0.279 0.280
6501 0.286 0.285
6601 0.299 0.297
6701 0.31 0.308
6801 0.324 0.321
6901 0.339 0.34
7001 0.35 0.353
7101 0.369 0.37
7201 0.383 0.38
7301 0.4 0.41
7401 0.413 0.419
7501 0.431 0.431
7601 0.456 0.459
7701 0.489 0.484
7801 0.499 0.498
7901 0.51 0.509
8001 0.53 0.528
8101 0.546 0.551
8201 0.555 0.559
8301 0.567 0.571
8401 0.579 0.58
8501 0.586 0.588
8601 0.593 0.597
8701 0.6 0.603
8801 0.594 0.589
8901 0.606 0.603
9001 0.639 0.634
9101 0.66 0.664
9201 0.681 0.68
9301 0.7 0.706
9401 0.715 0.714
9501 0.739 0.739
9601 0.752 0.754
9701 0.777 0.779
9801 0.802 0.813
9901 0.82 0.853
10001 0.85 0.898