101 0 0
201 0 0
301 0.001 0.001
401 0.001 0.001
501 0.001 0.001
601 0.002 0.002
701 0.003 0.002
801 0.004 0.003
901 0.004 0.004
1001 0.005 0.004
1101 0.005 0.006
1201 0.007 0.006
1301 0.008 0.008
1401 0.009 0.009
1501 0.01 0.01
1601 0.011 0.011
1701 0.012 0.012
1801 0.014 0.014
1901 0.015 0.016
2001 0.017 0.017
2101 0.028 0.033
2201 0.066 0.061
2301 0.087 0.077
2401 0.054 0.095
2501 0.087 0.076
2601 0.077 0.076
2701 0.068 0.058
2801 0.081 0.089
2901 0.037 0.036
3001 0.038 0.038
3101 0.04 0.04
3201 0.047 0.046
3301 0.047 0.051
3401 0.049 0.049
3501 0.055 0.057
3601 0.055 0.057
3701 0.06 0.064
3801 0.06 0.059
3901 0.062 0.064
4001 0.067 0.072
4101 0.086 0.095
4201 0.073 0.074
4301 0.077 0.077
4401 0.084 0.083
4501 0.086 0.089
4601 0.089 0.088
4701 0.092 0.095
4801 0.103 0.1
4901 0.098 0.099
5001 0.102 0.103
5101 0.107 0.106
5201 0.115 0.112
5301 0.114 0.113
5401 0.121 0.118
5501 0.121 0.135
5601 0.128 0.128
5701 0.131 0.128
5801 0.144 0.143
5901 0.145 0.144
6001 0.146 0.149
6101 0.154 0.159
6201 0.162 0.162
6301 0.165 0.167
6401 0.175 0.173
6501 0.17 0.176
6601 0.187 0.19
6701 0.179 0.178
6801 0.185 0.185
6901 0.193 0.197
7001 0.196 0.198
7101 0.205 0.208
7201 0.21 0.21
7301 0.217 0.221
7401 0.235 0.237
7501 0.224 0.223
7601 0.229 0.231
7701 0.239 0.259
7801 0.247 0.246
7901 0.246 0.246
8001 0.281 0.275
8101 0.291 0.298
8201 0.284 0.284
8301 0.356 0.296
8401 0.283 0.285
8501 0.289 0.289
8601 0.305 0.303
8701 0.385 0.361
8801 0.306 0.308
8901 0.325 0.328
9001 0.329 0.331
9101 0.334 0.334
9201 0.349 0.346
9301 0.35 0.359
9401 0.395 0.439
9501 0.369 0.369
9601 0.368 0.371
9701 0.373 0.375
9801 0.412 0.394
9901 0.404 0.441
10001 0.416 0.409
