101 0 0
201 0 0
301 0.001 0.001
401 0.002 0.001
501 0.002 0.002
601 0.003 0.002
701 0.004 0.003
801 0.004 0.004
901 0.006 0.006
1001 0.008 0.007
1101 0.009 0.009
1201 0.011 0.011
1301 0.012 0.013
1401 0.015 0.015
1501 0.018 0.017
1601 0.02 0.02
1701 0.024 0.028
1801 0.026 0.033
1901 0.029 0.028
2001 0.032 0.032
2101 0.036 0.037
2201 0.047 0.041
2301 0.041 0.041
2401 0.044 0.045
2501 0.048 0.048
2601 0.054 0.053
2701 0.058 0.06
2801 0.061 0.064
2901 0.066 0.065
3001 0.073 0.072
3101 0.076 0.078
3201 0.084 0.085
3301 0.088 0.089
3401 0.094 0.095
3501 0.098 0.097
3601 0.106 0.108
3701 0.103 0.102
3801 0.106 0.11
3901 0.119 0.123
4001 0.116 0.117
4101 0.118 0.119
4201 0.121 0.121
4301 0.124 0.123
4401 0.126 0.125
4501 0.128 0.128
4601 0.13 0.131
4701 0.133 0.134
4801 0.14 0.142
4901 0.146 0.147
5001 0.154 0.154
5101 0.162 0.161
5201 0.169 0.17
5301 0.175 0.176
5401 0.183 0.182
5501 0.19 0.191
5601 0.197 0.199
5701 0.206 0.209
5801 0.216 0.218
5901 0.227 0.228
6001 0.234 0.233
6101 0.241 0.244
6201 0.25 0.251
6301 0.261 0.261
6401 0.268 0.268
6501 0.276 0.275
6601 0.282 0.284
6701 0.3 0.299
6801 0.307 0.308
6901 0.314 0.315
7001 0.322 0.321
7101 0.327 0.328
7201 0.331 0.332
7301 0.339 0.339
7401 0.346 0.347
7501 0.354 0.352
7601 0.36 0.359
7701 0.368 0.368
7801 0.372 0.374
7901 0.381 0.382
8001 0.389 0.39
8101 0.396 0.395
8201 0.403 0.404
8301 0.411 0.409
8401 0.425 0.421
8501 0.437 0.438
8601 0.444 0.441
8701 0.45 0.449
8801 0.459 0.46
8901 0.462 0.463
9001 0.467 0.468
9101 0.47 0.473
9201 0.479 0.475
9301 0.473 0.472
9401 0.479 0.48
9501 0.485 0.485
9601 0.491 0.49
9701 0.495 0.496
9801 0.499 0.5
9901 0.505 0.506
10001 0.513 0.519