0 0.147 0.147
100000 0.395 0.404
200000 0.391 0.388
300000 0.399 0.393
400000 0.4 0.384
500000 0.385 0.386
600000 0.385 0.387
700000 0.397 0.391
800000 0.389 0.389
900000 0.388 0.394
1000000 0.394 0.391
1100000 0.399 0.39
1200000 0.392 0.409
1300000 0.421 0.451
1400000 0.395 0.395
1500000 0.413 0.396
1600000 0.411 0.42
1700000 0.401 0.397
1800000 0.427 0.448
1900000 0.398 0.4
2000000 0.399 0.401
2100000 0.4 0.403
2200000 0.405 0.408
2300000 0.438 0.456
2400000 0.408 0.407
2500000 0.409 0.406
2600000 0.406 0.405
2700000 1.136 0.409
2800000 0.707 0.409
2900000 0.414 0.414
3000000 0.416 0.411
3100000 0.422 0.421
3200000 0.427 0.419
3300000 0.416 0.413
3400000 0.416 0.417
3500000 0.428 0.457
3600000 0.418 0.42
3700000 0.422 0.42
3800000 0.445 0.431
3900000 0.421 0.425
4000000 0.426 0.42
4100000 0.42 0.419
4200000 0.421 0.423
4300000 0.421 0.425
4400000 0.432 0.426
4500000 0.42 0.42
4600000 0.428 0.423
4700000 0.427 0.427
4800000 0.427 0.424
4900000 0.425 0.425
5000000 0.431 0.433
5100000 0.434 0.432
5200000 0.43 0.432
5300000 0.428 0.425
5400000 0.434 0.433
5500000 0.432 0.433
5600000 0.433 0.436
5700000 0.443 0.438
5800000 0.436 0.433
5900000 0.438 0.441
6000000 0.479 0.443
6100000 0.438 0.439
6200000 0.439 0.44
6300000 0.439 0.439
6400000 0.446 0.442
6500000 0.441 0.444
6600000 0.446 0.445
6700000 0.445 0.441
6800000 0.445 0.444
6900000 0.445 0.444
7000000 0.447 0.446
7100000 0.451 0.46
7200000 0.451 0.449
7300000 0.448 0.447
7400000 0.445 0.448
7500000 0.454 0.455
7600000 0.454 0.451
7700000 0.452 0.452
7800000 0.454 0.461
7900000 0.45 0.449
8000000 0.456 0.454
8100000 0.454 0.457
8200000 0.457 0.456
8300000 0.462 0.459
8400000 0.457 0.46
8500000 0.507 0.462
8600000 0.458 0.459
8700000 0.461 0.462
8800000 0.459 0.46
8900000 0.463 0.464
9000000 0.464 0.461
9100000 0.464 0.465
9200000 0.463 0.466
9300000 0.466 0.468
9400000 0.466 0.469
9500000 0.466 0.466
9600000 0.471 0.472
9700000 0.467 0.471
9800000 1.028 0.474
9900000 0.471 0.472
10000000 0.473 0.475