1 0.72 0.724
2 0.758 0.76
3 0.73 0.733
4 0.741 0.73
5 0.739 0.736
6 0.721 0.723
7 0.725 0.731
8 0.731 0.718
9 0.727 0.721
10 0.736 0.736
11 0.718 0.714
12 0.721 0.719
13 0.723 0.719
14 0.726 0.722
15 0.727 0.726
16 0.72 0.719
17 0.721 0.724
18 0.722 0.719
19 0.72 0.723
20 0.731 0.732
21 0.727 0.723
22 0.718 0.717
23 0.749 0.739
24 0.735 0.731
25 0.731 0.778
26 0.726 0.725
27 0.733 0.73
28 0.735 0.753
29 0.715 0.714
30 0.723 0.727
31 0.716 0.717
32 0.729 0.731
33 0.731 0.731
34 0.733 0.73
35 0.716 0.716
36 0.725 0.726
37 0.717 0.718
38 0.748 0.731
39 0.734 0.73
40 0.727 0.725
41 0.717 0.713
42 0.715 0.714
43 0.731 0.731
44 0.725 0.721
45 0.718 0.717
46 0.722 0.722
47 0.72 0.723
48 0.712 0.713
49 0.726 0.723
50 0.73 0.73
51 0.722 0.726
52 0.721 0.722
53 0.713 0.713
54 0.721 0.724
55 0.727 0.726
56 0.735 0.734
57 0.721 0.723
58 0.727 0.726
59 0.721 0.72
60 0.725 0.725
61 0.713 0.707
62 0.718 0.721
63 0.724 0.722
64 0.733 0.734
65 0.728 0.724
66 0.726 0.722
67 0.724 0.722
68 0.728 0.73
69 0.732 0.723
70 0.73 0.729
71 0.731 0.73
72 0.718 0.717
73 0.729 0.731
74 0.726 0.73
75 0.722 0.723
76 0.717 0.715
77 0.727 0.729
78 0.722 0.722
79 0.712 0.71
80 0.741 0.719
81 0.728 0.722
82 0.727 0.722
83 0.719 0.719
84 0.724 0.727
85 0.721 0.719
86 0.717 0.715
87 0.718 0.721
88 0.767 0.762
89 0.726 0.725
90 0.72 0.722
91 0.729 0.717
92 0.724 0.72
93 0.71 0.71
94 0.724 0.731
95 0.728 0.729
96 0.727 0.738
97 0.716 0.715
98 0.721 0.72
99 0.714 0.709
100 0.73 0.735
101 0.726 0.727
102 0.73 0.729
103 0.717 0.716
104 0.722 0.727
105 0.721 0.72
106 0.726 0.725
107 0.724 0.726
108 0.721 0.724
109 0.714 0.715
110 0.718 0.716
111 0.729 0.727
112 0.718 0.716
113 0.722 0.719
114 0.724 0.72
115 0.723 0.726
116 0.714 0.718
117 0.72 0.72
118 0.726 0.72
119 0.723 0.725
120 0.72 0.723
121 0.712 0.716
122 0.72 0.72
123 0.729 0.725
124 0.735 0.737
125 0.737 0.731
126 0.719 0.72
127 0.72 0.721
128 0.728 0.726
129 0.717 0.713
130 0.717 0.715
131 0.717 0.72
132 0.727 0.723
133 0.73 0.723
134 0.722 0.722
135 0.731 0.732
136 0.723 0.724
137 0.72 0.719
138 0.72 0.716
139 0.725 0.726
140 0.726 0.723
141 0.713 0.715
142 0.718 0.715
143 0.724 0.721
144 0.718 0.72
145 0.723 0.722
146 0.72 0.72
147 0.719 0.719
148 0.717 0.714
149 0.713 0.718
150 0.729 0.733
151 0.724 0.723
152 0.71 0.714
153 0.719 0.724
154 0.725 0.72
155 0.711 0.711
156 0.723 0.722
157 0.723 0.73
158 0.732 0.725
159 0.714 0.712
160 0.725 0.722
161 0.714 0.712
162 0.726 0.729
163 0.722 0.724
164 0.729 0.731
165 0.719 0.72
166 0.726 0.731
167 0.714 0.727
168 0.732 0.731
169 0.726 0.733
170 0.727 0.735
171 0.721 0.722
172 0.722 0.72
173 0.729 0.731
174 0.721 0.722
175 0.717 0.715
176 0.723 0.721
177 0.724 0.724
178 0.717 0.714
179 0.73 0.725
180 0.724 0.727
181 0.721 0.722
182 0.721 0.717
183 0.711 0.709
184 0.718 0.72
185 0.726 0.723
186 0.734 0.739
187 0.724 0.722
188 0.725 0.727
189 0.721 0.726
190 0.731 0.721
191 0.727 0.709
192 0.717 0.714
193 0.719 0.721
194 0.722 0.717
195 0.727 0.725
196 0.729 0.728
197 0.723 0.723
198 0.735 0.732
199 0.721 0.724
200 0.725 0.726
