1 0.503 0.497
2 0.492 0.494
3 0.499 0.499
4 0.492 0.494
5 0.498 0.503
6 0.5 0.499
7 0.497 0.497
8 0.498 0.497
9 0.495 0.495
10 0.496 0.5
11 0.495 0.493
12 0.496 0.496
13 0.495 0.496
14 0.496 0.495
15 0.491 0.494
16 0.507 0.501
17 0.506 0.505
18 0.497 0.496
19 0.499 0.499
20 0.49 0.491
21 0.502 0.503
22 0.495 0.496
23 0.5 0.501
24 0.495 0.498
25 0.495 0.494
26 0.496 0.498
27 0.5 0.503
28 0.506 0.516
29 0.516 0.5
30 0.524 0.503
31 0.503 0.502
32 0.494 0.495
33 0.498 0.5
34 0.505 0.501
35 0.511 0.553
36 0.498 0.498
37 0.496 0.496
38 0.504 0.494
39 0.497 0.501
40 0.497 0.498
41 0.495 0.493
42 0.498 0.501
43 0.501 0.502
44 0.501 0.504
45 0.493 0.494
46 0.499 0.5
47 0.495 0.494
48 0.496 0.506
49 0.498 0.501
50 0.498 0.497
51 0.5 0.5
52 0.497 0.499
53 0.494 0.494
54 0.499 0.497
55 0.501 0.502
56 0.499 0.494
57 0.502 0.505
58 0.504 0.501
59 0.498 0.499
60 0.503 0.501
61 0.521 0.529
62 0.503 0.504
63 0.547 0.514
64 0.497 0.506
65 0.529 0.494
66 0.495 0.489
67 0.51 0.498
68 0.516 0.489
69 0.505 0.504
70 0.487 0.492
71 0.495 0.514
72 0.514 0.537
73 0.497 0.495
74 0.489 0.516
75 0.515 0.5
76 0.538 0.493
77 0.497 0.506
78 0.501 0.514
79 0.493 0.505
80 0.478 0.498
81 0.49 0.505
82 0.498 0.488
83 0.496 0.505
84 0.532 0.521
85 0.513 0.499
86 0.493 0.489
87 0.494 0.504
88 0.489 0.52
89 0.487 0.487
90 0.489 0.49
91 0.482 0.494
92 0.482 0.487
93 0.489 0.488
94 0.481 0.486
95 0.547 0.496
96 0.505 0.501
97 0.487 0.498
98 0.486 0.499
99 0.503 0.492
100 0.481 0.48
101 0.484 0.485
102 0.484 0.497
103 0.501 0.486
104 0.484 0.483
105 0.485 0.486
106 0.491 0.487
107 0.485 0.481
108 0.484 0.485
109 0.485 0.484
110 0.488 0.489
111 0.486 0.482
112 0.485 0.486
113 0.488 0.487
114 0.486 0.491
115 0.483 0.483
116 0.488 0.485
117 0.485 0.483
118 0.483 0.481
119 0.489 0.49
120 0.489 0.49
121 0.486 0.486
122 0.514 0.519
123 0.483 0.484
124 0.493 0.504
125 0.481 0.483
126 1.043 0.479
127 0.482 0.482
128 0.486 0.488
129 0.485 0.488
130 0.499 0.491
131 0.509 0.493
132 0.491 0.492
133 0.488 0.495
134 0.491 0.529
135 0.482 0.484
136 0.485 0.483
137 0.485 0.488
138 0.48 0.48
139 0.489 0.483
140 0.528 0.484
141 0.48 0.48
142 0.488 0.476
143 0.483 0.481
144 0.485 0.485
145 0.486 0.482
146 0.481 0.479
147 0.484 0.485
148 0.492 0.489
149 0.48 0.48
150 0.484 0.482
151 0.48 0.481
152 0.489 0.49
153 0.485 0.482
154 0.486 0.486
155 0.481 0.483
156 0.484 0.484
157 0.477 0.479
158 0.485 0.488
159 0.484 0.484
160 0.48 0.482
161 0.48 0.483
162 0.487 0.487
163 0.484 0.481
164 0.488 0.486
165 0.487 0.495
166 0.483 0.486
167 0.482 0.482
168 0.481 0.483
169 0.479 0.48
170 0.482 0.481
171 0.48 0.484
172 0.483 0.483
173 0.485 0.485
174 0.485 0.488
175 0.486 0.484
176 0.48 0.482
177 0.483 0.485
178 0.485 0.482
179 0.487 0.485
180 0.482 0.484
181 0.484 0.498
182 0.525 0.51
183 0.489 0.489
184 0.484 0.493
185 0.5 0.49
186 0.49 0.509
187 0.48 0.478
188 0.49 0.49
189 0.491 0.49
190 0.487 0.484
191 0.482 0.483
192 9.389 0.508
193 0.485 0.486
194 0.481 0.484
195 0.487 0.48
196 0.508 0.484
197 0.477 0.48
198 0.485 0.482
199 0.478 0.483
200 0.491 0.483
